1          unknown
2          unknown
3          unknown
4          unknown
5          unknown
6          unknown
7          unknown
8          unknown
9          unknown
10         unknown
11         0.001
12         0.008
13         0.00
14         5.01         Too slow
15         0.000
16         0.000
17         0.001
18         0.021
19         0.014
20         0.000
21         0.112
22         0.014
23         0.481
24         0.000
25         0.089
26         0.299
27         1.096
28         0.001
29         0.025
30         1.787        Too slow.
31         0.043
32         0.738
33         0.023
34         3.333        Too slow.
35         1.829
36         1.609
37         1.663
38         0.002
39         0.271
40         0.145
41         0.010
42         0.005
43         0.002
44         0.648
45         0.191
46         0.015
47         5.536        Too slow.
48         0.022
49         0.446
50         0.399
51         0.723
52         0.277
53         0.005
54         0.105
55         0.117
56         0.427
57         0.008
58         5.361        Too slow. Normal time compared with most of the solutions of other people|
59         0.003
60         8.116        Too slow.
61         0.30
62         0.064
63         0.000
64         0.741
65         0.000
66         0.057
67         0.021
68         0.000
69         0.000
70         0.230
71         0.931
72         2.100        Slow.

